1016
0 0 0 0
0 0 0 249371993
0 249371993 0 498743986
0 498743986 0 748115979
0 0 249983729 0
0 0 249983729 249371993
0 249371993 249983729 498743986
0 498743986 249983729 748115979
249983729 0 499967458 0
249983729 0 499967458 249371993
249983729 249371993 499967458 498743986
249983729 498743986 499967458 748115979
499967458 0 749951187 0
499967458 0 749951187 249371993
499967458 249371993 749951187 498743986
499967458 498743986 749951187 748115979
499967458 498743986 500164408 513073251
500164408 513073251 506180814 524725658
249983729 748115979 259007464 759818456
0 748115979 24366310 748545791
749951187 249371993 755130351 269214191
499967458 748115979 518524101 755522501
24366310 748545791 31610149 768693993
31610149 768693993 36165293 785606661
0 249371993 7412782 269811407
31610149 768693993 46229123 784105146
259007464 759818456 275179656 773687711
506180814 524725658 509943629 552937803
509943629 552937803 524421999 553938439
249983729 249371993 252539886 279116530
749951187 748115979 760597917 770585970
760597917 770585970 776098520 790183770
760597917 770585970 771032156 795813526
0 249371993 4993803 281297208
749951187 498743986 772396966 514276037
772396966 514276037 773444504 532654751
506180814 524725658 508692352 560329178
755130351 269214191 774076678 289307527
499967458 249371993 506591821 282883450
249983729 249371993 267275359 272465683
259007464 759818456 270536645 788890719
270536645 788890719 286171929 813104736
286171929 813104736 290609769 816977266
286171929 813104736 298094461 813756162
290609769 816977266 297687814 838796282
297687814 838796282 302806738 840489863
302806738 840489863 323960955 850967842
323960955 850967842 328474534 878453294
328474534 878453294 333110611 895628063
328474534 878453294 338719072 894009727
338719072 894009727 359156718 894771931
359156718 894771931 359741672 895412797
359741672 895412797 380752747 906410564
298094461 813756162 328406976 819867276
328406976 819867276 343324002 826627904
0 0 26618416 14423782
26618416 14423782 47496960 25040795
47496960 25040795 84237076 25567392
84237076 25567392 84415137 55286173
249983729 0 285256932 5833388
285256932 5833388 295905825 20343030
285256932 5833388 299855458 17815936
299855458 17815936 324905211 27314676
324905211 27314676 327200030 60874897
26618416 14423782 59923258 23013162
755130351 269214191 791244569 275125326
791244569 275125326 806281495 281069789
806281495 281069789 806585249 304046008
806585249 304046008 822323690 307664389
806281495 281069789 820632788 295488245
806281495 281069789 843021333 286192164
843021333 286192164 871335573 287557861
871335573 287557861 878396938 302710946
871335573 287557861 906959884 291254621
871335573 287557861 878088398 323411820
878088398 323411820 913701272 327666491
913701272 327666491 935083323 335704356
935083323 335704356 944597282 357813307
524421999 553938439 543186678 578635970
543186678 578635970 549977811 592583828
47496960 25040795 48085068 67950352
48085068 67950352 82193899 71597068
333110611 895628063 338268369 934628821
0 249371993 3563554 290078677
878088398 323411820 898761328 347173674
898761328 347173674 912202464 368656088
59923258 23013162 81073406 46628693
327200030 60874897 358766940 74716647
298094461 813756162 342786073 814622821
342786073 814622821 375303258 817604503
749951187 249371993 789620906 255491228
772396966 514276037 818243083 515392679
295905825 20343030 299076998 64879623
299076998 64879623 311062767 70444579
818243083 515392679 854731295 527087124
854731295 527087124 873746757 532305754
873746757 532305754 899033629 549453310
899033629 549453310 908251919 562620700
908251919 562620700 913865506 593426976
913865506 593426976 923489339 607227537
923489339 607227537 955653493 607446680
913865506 593426976 939420951 602798530
908251919 562620700 910089993 601688344
854731295 527087124 868415616 559947159
0 748115979 15163875 781654464
15163875 781654464 24902861 815339968
508692352 560329178 519273261 599148206
259007464 759818456 261413010 806969531
261413010 806969531 262692825 819044823
249983729 748115979 298994355 749090997
908251919 562620700 955803833 565449777
48085068 67950352 68947603 97627655
935083323 335704356 980982447 340427285
506180814 524725658 550323460 531613312
550323460 531613312 592323166 531680125
592323166 531680125 615762410 546801614
615762410 546801614 624043871 554939929
615762410 546801614 623095735 579303966
623095735 579303966 644059926 605497060
644059926 605497060 658975486 615268300
644059926 605497060 656996925 624723737
656996925 624723737 679166680 633736803
679166680 633736803 687800773 654051004
687800773 654051004 697309421 664360204
687800773 654051004 693349791 674239806
687800773 654051004 692912569 678201273
679166680 633736803 705329775 636991307
705329775 636991307 734008885 640629377
734008885 640629377 751282153 651177459
751282153 651177459 767338756 654329125
705329775 636991307 724563706 651764063
767338756 654329125 770950012 685517404
767338756 654329125 790557345 666015724
724563706 651764063 748218554 664530182
748218554 664530182 753153410 697501239
658975486 615268300 689466736 623763707
644059926 605497060 682447699 614695003
506591821 282883450 551242143 289274263
551242143 289274263 553128651 309542687
551242143 289274263 553063118 316048208
553063118 316048208 557459977 336223719
557459977 336223719 592551051 339753021
592551051 339753021 602244685 342167347
592551051 339753021 593915590 351883571
557459977 336223719 572925595 371175979
749951187 249371993 754606000 295892794
754606000 295892794 754831141 329160370
754606000 295892794 764085709 326017372
524421999 553938439 533045947 597746137
868415616 559947159 896261891 585024914
896261891 585024914 905101318 609011860
896261891 585024914 903256994 628244939
324905211 27314676 370387905 35061105
592323166 531680125 608921991 568696993
692912569 678201273 701570330 723175419
701570330 723175419 718375466 732162566
718375466 732162566 721351948 758627681
721351948 758627681 727008517 761742942
727008517 761742942 729115237 766436494
729115237 766436494 739297125 772648367
701570330 723175419 744393259 724223713
739297125 772648367 753367763 803984671
729115237 766436494 737481360 810084442
0 498743986 5034204 547422630
749951187 498743986 792605532 509928615
262692825 819044823 270221959 865719449
299855458 17815936 311516728 61225391
912202464 368656088 929739841 406263247
499967458 0 502222381 52897077
68947603 97627655 71368707 150433797
71368707 150433797 88745207 184557228
71368707 150433797 119292390 155350372
119292390 155350372 124667538 155401957
124667538 155401957 146836053 163246375
146836053 163246375 160404588 165384172
146836053 163246375 155334852 189277734
155334852 189277734 185825348 190540802
185825348 190540802 196489088 192215184
196489088 192215184 219114026 207784821
219114026 207784821 242776775 211468462
242776775 211468462 263983660 226183476
124667538 155401957 135836359 184050939
185825348 190540802 191872677 231531728
191872677 231531728 200380534 246643647
200380534 246643647 204100203 275178847
191872677 231531728 216207081 240976540
216207081 240976540 236821501 260457679
160404588 165384172 203529905 170181518
196489088 192215184 217252147 222726726
204100203 275178847 218686433 312094771
88745207 184557228 101030967 225955348
101030967 225955348 106729681 246938896
101030967 225955348 135000653 232323447
135000653 232323447 143473893 237400819
88745207 184557228 91193516 237270090
91193516 237270090 93439981 257089012
502222381 52897077 543751916 66762043
543751916 66762043 583734424 78202672
583734424 78202672 608503098 79899100
608503098 79899100 630534924 103737090
630534924 103737090 652902263 109737594
652902263 109737594 674074381 124448107
652902263 109737594 668478027 132637324
608503098 79899100 617934712 118599491
668478027 132637324 694159220 160231280
543751916 66762043 556327920 108330884
556327920 108330884 578927846 139877714
578927846 139877714 592109276 151195844
578927846 139877714 579454968 178274725
579454968 178274725 587927900 186838789
587927900 186838789 597805861 193183708
597805861 193183708 605836690 213712075
597805861 193183708 621457287 210739981
579454968 178274725 582200409 223011090
621457287 210739981 625771037 257033935
625771037 257033935 634110188 258666993
634110188 258666993 638344091 302350781
638344091 302350781 655864266 304961057
655864266 304961057 658022429 353690347
658022429 353690347 676240936 371973340
658022429 353690347 675504663 380951726
621457287 210739981 628582846 254858427
668478027 132637324 683943103 171332496
683943103 171332496 693504847 181775280
0 498743986 39321071 514819307
39321071 514819307 69990303 539139822
69990303 539139822 74234908 572724660
499967458 0 505650298 49825662
935083323 335704356 989615140 336804444
249983729 249371993 289667944 265577373
289667944 265577373 309496209 286371562
309496209 286371562 318326334 321470855
289667944 265577373 306833529 297040279
505650298 49825662 510415892 101014445
729115237 766436494 737420990 814128763
773444504 532654751 806657016 555556810
623095735 579303966 669320813 589241771
669320813 589241771 677143591 599416231
677143591 599416231 700086345 602472850
790557345 666015724 825022586 688333522
825022586 688333522 859151233 701018907
0 498743986 52729318 502993458
52729318 502993458 74857044 537130954
375303258 817604503 398975041 851261233
556327920 108330884 599056459 123290158
289667944 265577373 292180004 321144844
292180004 321144844 305828927 353198866
359156718 894771931 417042768 895061622
417042768 895061622 419082404 948910108
878088398 323411820 885807247 374080395
885807247 374080395 892179327 406599560
892179327 406599560 893635667 408082844
885807247 374080395 888565147 423260512
888565147 423260512 895054938 460217981
895054938 460217981 906317060 487693918
906317060 487693918 920505769 495529011
920505769 495529011 968923439 499540095
968923439 499540095 987729052 532352807
888565147 423260512 916094257 449039302
916094257 449039302 919487729 454056679
919487729 454056679 947947909 470584741
947947909 470584741 989164787 477377486
888565147 423260512 911096873 458204512
806657016 555556810 851176436 569515622
851176436 569515622 860582863 586445600
655864266 304961057 701602465 317920830
701602465 317920830 722240780 325416483
722240780 325416483 731388001 359988657
731388001 359988657 750032085 378565844
750032085 378565844 750662212 398585816
750662212 398585816 773658023 408138396
750662212 398585816 766681080 416126525
750032085 378565844 768904551 394212480
768904551 394212480 784048848 400980290
750032085 378565844 782036559 385256291
784048848 400980290 786519031 451472602
786519031 451472602 796476943 485393207
796476943 485393207 832975599 489095855
832975599 489095855 853020379 498158076
853020379 498158076 865116793 504477124
853020379 498158076 888673065 500962169
784048848 400980290 790408310 451385700
731388001 359988657 772713392 377372247
825022586 688333522 844696263 727490697
844696263 727490697 845157572 739513976
845157572 739513976 847813529 744495336
847813529 744495336 858776613 756523335
858776613 756523335 881191409 781488711
881191409 781488711 891145052 792730104
891145052 792730104 916963384 796179695
916963384 796179695 960680302 796290015
960680302 796290015 964112780 801282813
960680302 796290015 961969703 834161758
858776613 756523335 863653124 800547778
847813529 744495336 895309182 749154093
895309182 749154093 909445303 770509738
895309182 749154093 932998107 754101075
863653124 800547778 889381018 830442745
889381018 830442745 890266540 836398487
890266540 836398487 906084097 853861732
906084097 853861732 912111599 883766740
912111599 883766740 932599188 905531876
906084097 853861732 909622563 893883253
909622563 893883253 910621113 936726790
910621113 936726790 923429736 948953881
923429736 948953881 929080823 969399697
909622563 893883253 920378183 929045523
920378183 929045523 947015495 946260193
912111599 883766740 960023968 883998502
960023968 883998502 966972448 922918492
966972448 922918492 986672408 944007743
906084097 853861732 948266714 863939594
847813529 744495336 853880704 795400653
929080823 969399697 959560828 997057295
948266714 863939594 986663165 883777462
986663165 883777462 990071467 919758744
305828927 353198866 352242246 365646755
352242246 365646755 365258493 369371680
365258493 369371680 371439175 393961556
352242246 365646755 354681958 414542871
93439981 257089012 103728629 306022871
103728629 306022871 107677188 341293486
107677188 341293486 125924749 346653527
125924749 346653527 135960334 349530539
135960334 349530539 138792583 369586482
138792583 369586482 153501518 385080503
153501518 385080503 158569829 392715812
138792583 369586482 168730009 370144466
107677188 341293486 114874317 387577260
114874317 387577260 126714429 402287588
126714429 402287588 136238988 421536256
126714429 402287588 131684307 430301823
131684307 430301823 179073010 433582294
179073010 433582294 179188056 434746544
179188056 434746544 190949425 441836104
190949425 441836104 203946779 464895422
103728629 306022871 142621026 326064642
52729318 502993458 99183902 516074677
84237076 25567392 125220724 44229756
125220724 44229756 141117498 48243404
675504663 380951726 703704019 412718183
71368707 150433797 83581979 198286066
968923439 499540095 999934917 528640564
39321071 514819307 42323906 572155353
42323906 572155353 46586408 587378190
46586408 587378190 51192663 609324821
51192663 609324821 71290484 612564086
71290484 612564086 89446545 624769200
89446545 624769200 95766505 664448532
95766505 664448532 113589215 678154042
113589215 678154042 148615722 688534108
89446545 624769200 99617154 661205185
71290484 612564086 112741796 623679179
112741796 623679179 142472908 640213460
543751916 66762043 571744714 99114255
932998107 754101075 951935897 795771761
951935897 795771761 952635225 824520575
114874317 387577260 120866608 442394664
354681958 414542871 388037057 442017124
888565147 423260512 915646918 457416058
71368707 150433797 109033011 174303812
285256932 5833388 343888795 8792736
750662212 398585816 762221087 448700895
762221087 448700895 771584509 476483513
734008885 640629377 794665858 641802279
794665858 641802279 804464478 650665675
804464478 650665675 842525524 652188317
806657016 555556810 806864163 617287103
579454968 178274725 635635810 184148706
623095735 579303966 681007522 583885976
681007522 583885976 729448523 594423707
7412782 269811407 63215912 276512250
289667944 265577373 303211663 314597593
804464478 650665675 866323780 651492247
388037057 442017124 397796887 495186919
397796887 495186919 401417619 520203883
401417619 520203883 418807283 531356417
418807283 531356417 420865511 536509956
418807283 531356417 444006497 534113827
418807283 531356417 447591728 532443014
397796887 495186919 432418006 506235144
432418006 506235144 465269766 509803010
420865511 536509956 440220178 576859304
440220178 576859304 443498347 626882868
443498347 626882868 460366248 634349520
460366248 634349520 477883560 641931019
477883560 641931019 495874495 656611633
443498347 626882868 453934673 655417046
453934673 655417046 455670199 715622634
455670199 715622634 481195127 720514214
455670199 715622634 496496331 719260427
496496331 719260427 534186368 742919544
496496331 719260427 538856675 738733118
298994355 749090997 361370542 749759699
481195127 720514214 493430752 771510692
289667944 265577373 339632658 278846557
579454968 178274725 580238086 240728715
148615722 688534108 194021511 706737352
443498347 626882868 443898171 690155988
443898171 690155988 454261982 731091170
0 498743986 49020717 513418500
49020717 513418500 53749513 566415748
729448523 594423707 779576123 608179195
298994355 749090997 351565165 760468498
351565165 760468498 360137483 785450006
289667944 265577373 291790072 327608067
190949425 441836104 239278968 457777252
239278968 457777252 254313449 483014792
254313449 483014792 270178610 493471900
239278968 457777252 275482207 468606167
275482207 468606167 298005553 489964973
0 498743986 22380361 540683705
624043871 554939929 679235215 564068962
679235215 564068962 733588857 570082128
733588857 570082128 744134339 586609282
744134339 586609282 780965174 591057051
744134339 586609282 800684512 591043382
800684512 591043382 839881735 616170898
839881735 616170898 878301749 641722151
784048848 400980290 840659232 408802109
840659232 408802109 845957681 409992857
845957681 409992857 874833956 413139201
845957681 409992857 859694836 439055576
4993803 281297208 61593866 289321809
61593866 289321809 70417832 334695630
70417832 334695630 89286909 335167567
89286909 335167567 90307497 362328312
90307497 362328312 94446653 372657796
90307497 362328312 92487786 395192277
92487786 395192277 104494078 404644033
944597282 357813307 971972860 395095558
701602465 317920830 720168860 364045352
543751916 66762043 599795567 75566648
0 498743986 62070456 501710913
443498347 626882868 504696523 630834455
24902861 815339968 85680361 819900225
85680361 819900225 95259210 827467219
95259210 827467219 103069037 846934620
95259210 827467219 104496994 845977673
104496994 845977673 118247506 861666396
95259210 827467219 97570187 881870894
97570187 881870894 99304888 899391473
99304888 899391473 106967573 934491130
106967573 934491130 137506803 945148533
106967573 934491130 132731230 960651136
132731230 960651136 136693136 975299607
137506803 945148533 195909845 945322912
195909845 945322912 196955251 955421777
195909845 945322912 208505123 950450377
208505123 950450377 218717720 997348067
118247506 861666396 170830584 871901880
170830584 871901880 207926378 896366535
955653493 607446680 956837470 671626707
956837470 671626707 971668253 718449202
971668253 718449202 977128697 732940084
977128697 732940084 988784723 780011212
977128697 732940084 982822803 786576917
275482207 468606167 324414167 485290708
324414167 485290708 354252849 501674186
354252849 501674186 366780416 523116962
354252849 501674186 372919704 519347349
372919704 519347349 396454266 539502869
396454266 539502869 396557724 575549271
396557724 575549271 416996639 577169917
416996639 577169917 426320274 609664580
426320274 609664580 430524466 629527373
372919704 519347349 383470809 552953609
383470809 552953609 389540624 569359515
389540624 569359515 395317865 572605570
383470809 552953609 389209186 580702830
324414167 485290708 363679822 497391615
396557724 575549271 416067290 612593282
416067290 612593282 416973523 647394847
416973523 647394847 423139507 674471565
396557724 575549271 396760448 632431620
396760448 632431620 400872960 633896343
400872960 633896343 401625068 684536150
383470809 552953609 387809984 608717188
387809984 608717188 412093163 620292945
510415892 101014445 516742461 160306610
516742461 160306610 517974552 189267521
517974552 189267521 539278038 199142902
517974552 189267521 550134901 193536668
550134901 193536668 579033791 215477284
517974552 189267521 567523564 192088355
499967458 0 544815811 20837125
544815811 20837125 566432284 37918822
544815811 20837125 580261484 26820948
580261484 26820948 587174730 60354792
587174730 60354792 635681858 61806508
635681858 61806508 647488336 71501318
647488336 71501318 647854079 75343385
647854079 75343385 685266724 78491179
580261484 26820948 613243683 59386858
613243683 59386858 642724550 60220315
642724550 60220315 670162992 60450317
685266724 78491179 712204519 117279579
712204519 117279579 721296399 150494054
712204519 117279579 739015148 142554882
712204519 117279579 761748203 120247205
712204519 117279579 761128432 125013100
761128432 125013100 803358786 147169349
3563554 290078677 52475229 307123257
760597917 770585970 818568741 779001259
919487729 454056679 980873182 459110663
24902861 815339968 34235837 872512287
34235837 872512287 76027043 882285653
822323690 307664389 866734255 329885358
866734255 329885358 869397306 349352342
869397306 349352342 872851096 353418561
869397306 349352342 870279674 366957644
866734255 329885358 867515534 390973513
440220178 576859304 495875174 587877425
495875174 587877425 502509968 597503564
495875174 587877425 499624060 603500177
749951187 498743986 751682109 563865792
440220178 576859304 502193452 581762402
818568741 779001259 850758823 813692352
850758823 813692352 853807084 873165244
853807084 873165244 855215311 876166310
855215311 876166310 883503855 892380187
365258493 369371680 414810102 386905908
414810102 386905908 424817279 410503394
424817279 410503394 426944978 428703888
414810102 386905908 445961662 392783850
445961662 392783850 462157394 404680876
445961662 392783850 458337154 409952773
458337154 409952773 476384997 423614833
458337154 409952773 493116748 417421614
493116748 417421614 514242041 428881091
514242041 428881091 520899674 431344473
520899674 431344473 527251872 484185930
527251872 484185930 546586545 487843762
546586545 487843762 556556085 493212737
556556085 493212737 586687885 512232575
586687885 512232575 637906485 518528651
458337154 409952773 460794419 466974964
460794419 466974964 469843347 486536994
469843347 486536994 482557981 493722266
556556085 493212737 606537375 503537998
606537375 503537998 664186043 504394766
664186043 504394766 678772557 506765719
664186043 504394766 672169729 544804567
678772557 506765719 725564124 513286572
725564124 513286572 729079614 551363154
678772557 506765719 702474290 542122939
445961662 392783850 499574867 404660203
440220178 576859304 486723250 597486399
84237076 25567392 151860424 25737254
151860424 25737254 158054472 26806031
158054472 26806031 168805864 39687009
151860424 25737254 182948099 26633152
182948099 26633152 185123506 35462794
168805864 39687009 172545870 102700983
172545870 102700983 190166789 111827386
190166789 111827386 205405138 126191316
205405138 126191316 246836350 127591075
246836350 127591075 266119434 133092235
266119434 133092235 287030300 141828841
266119434 133092235 270883076 162531996
270883076 162531996 277312074 177746978
277312074 177746978 295512244 186951950
270883076 162531996 304417849 170694620
266119434 133092235 268453199 184891975
246836350 127591075 302875962 130425371
302875962 130425371 326358087 138659917
326358087 138659917 351356551 166021120
351356551 166021120 387394020 192593404
387394020 192593404 410175946 209868273
410175946 209868273 413144298 212432081
413144298 212432081 425358034 258409641
425358034 258409641 427405307 285853651
425358034 258409641 445260709 269263415
445260709 269263415 477147383 276548539
477147383 276548539 480797571 283858488
425358034 258409641 426770349 298475662
426770349 298475662 432147881 331895951
432147881 331895951 448276546 357338250
448276546 357338250 449854266 362392649
449854266 362392649 470229695 381720514
426770349 298475662 468603234 314610998
432147881 331895951 468316716 353752265
426770349 298475662 453443086 331497504
468316716 353752265 531103763 353989464
531103763 353989464 547131854 383022196
531103763 353989464 534599628 404172214
305828927 353198866 369340527 357494874
369340527 357494874 386089834 364402513
386089834 364402513 413408065 393956096
120866608 442394664 167242368 463833950
167242368 463833950 171353121 509629807
171353121 509629807 186329939 518470120
186329939 518470120 210132494 527223116
210132494 527223116 221887848 558224938
221887848 558224938 225585696 580509048
225585696 580509048 241491242 587336491
241491242 587336491 250711266 615305063
250711266 615305063 254627560 649073568
241491242 587336491 265732042 607611149
265732042 607611149 282071665 644261192
186329939 518470120 197858344 561799199
241491242 587336491 289570875 596526633
289570875 596526633 317298050 597917278
317298050 597917278 350924511 617282619
350924511 617282619 356437442 619667740
350924511 617282619 351421793 651987604
351421793 651987604 383890247 662302713
383890247 662302713 394604536 704018798
394604536 704018798 412381466 746730142
412381466 746730142 422252090 771210800
412381466 746730142 449498173 760830631
449498173 760830631 449880315 769265671
186329939 518470120 245542725 520824628
167242368 463833950 170867647 522182804
170867647 522182804 183533557 565447412
383890247 662302713 390362605 718504981
390362605 718504981 393367249 722980868
393367249 722980868 393839601 732642687
390362605 718504981 390558313 743281556
317298050 597917278 369196818 609102943
369196818 609102943 375597216 611260861
383890247 662302713 387424965 723294196
282071665 644261192 313479427 677561691
313479427 677561691 317849754 705887462
313479427 677561691 351175334 681983243
317849754 705887462 345853261 729211179
850758823 813692352 872834494 859563101
289570875 596526633 357599734 596872467
883503855 892380187 898060617 946367933
939420951 602798530 942570470 668214930
942570470 668214930 954274439 700337297
954274439 700337297 988313944 710966373
324414167 485290708 341359104 536965299
341359104 536965299 343820425 551048570
634110188 258666993 702178945 259403962
702178945 259403962 715077590 271615304
702178945 259403962 729846338 267284124
729846338 267284124 741791790 267453988
971972860 395095558 992508081 443664116
822323690 307664389 844299287 354815557
844299287 354815557 861946914 370878210
844299287 354815557 845849068 398135502
52475229 307123257 53413172 375418301
413144298 212432081 473480389 221374841
473480389 221374841 480067763 257981386
480067763 257981386 493347242 265380352
825022586 688333522 826434441 756244049
352242246 365646755 352341624 435245626
352341624 435245626 374165903 481061323
510415892 101014445 549836773 131323841
318326334 321470855 363375677 346262911
363375677 346262911 404423509 353705868
48085068 67950352 65314025 120664517
34235837 872512287 49746677 927361191
49746677 927361191 52131732 938298649
52131732 938298649 89654267 939601798
89654267 939601798 90885419 975190852
52131732 938298649 70362192 969565607
70362192 969565607 88242893 973894571
49746677 927361191 49859004 979447972
49859004 979447972 58814418 984801602
49859004 979447972 54073362 994705622
225585696 580509048 290373237 586410054
724563706 651764063 745438215 701647488
621457287 210739981 655822228 247273402
655822228 247273402 703410595 257556130
449880315 769265671 481300829 809108504
481300829 809108504 515868023 828415732
515868023 828415732 530797428 866675570
515868023 828415732 552274925 848061107
552274925 848061107 563386682 853498582
563386682 853498582 594164979 870856159
594164979 870856159 597705223 876948214
597705223 876948214 608897176 905227489
608897176 905227489 641476776 905941844
641476776 905941844 650079075 928367190
650079075 928367190 654198616 946519395
654198616 946519395 663241698 982752231
597705223 876948214 616172253 904668468
641476776 905941844 670387354 926823746
641476776 905941844 694328848 907015955
694328848 907015955 737592552 915753781
737592552 915753781 738322778 938636157
738322778 938636157 745236800 944394880
745236800 944394880 749138670 955382075
749138670 955382075 755697116 997487972
616172253 904668468 629671348 958342139
629671348 958342139 640657703 975889527
640657703 975889527 700691613 982495194
594164979 870856159 659034186 874623703
659034186 874623703 709705788 876767993
709705788 876767993 745805174 885945809
745805174 885945809 782469397 908082242
659034186 874623703 700578177 894993360
659034186 874623703 696148322 905634632
782469397 908082242 838561389 921666621
838561389 921666621 851402243 940123844
851402243 940123844 860769892 971299557
851402243 940123844 888691784 969728748
15163875 781654464 18950385 849258916
749951187 0 753648087 67971668
753648087 67971668 756803520 74943501
756803520 74943501 804785394 77744849
804785394 77744849 814160875 83604318
814160875 83604318 828419786 91915646
828419786 91915646 852020906 98691743
814160875 83604318 859581992 84815090
859581992 84815090 907713820 92088595
907713820 92088595 924352607 94925917
924352607 94925917 950797740 118964576
907713820 92088595 921868842 129988460
756803520 74943501 797688464 93937007
950797740 118964576 975018570 155049129
924352607 94925917 966520688 117021633
921868842 129988460 932139534 185199835
966520688 117021633 974974645 175288686
974974645 175288686 997150659 199661950
974974645 175288686 982017665 225571104
756803520 74943501 782502018 119402057
782502018 119402057 784301104 185765834
784301104 185765834 787518083 195023460
784301104 185765834 784961956 229209192
784301104 185765834 786467376 228713831
786467376 228713831 825799211 238316300
825799211 238316300 858294061 248188968
858294061 248188968 885663861 262382792
885663861 262382792 909372221 272296188
909372221 272296188 915244794 281259888
915244794 281259888 929835868 286888483
909372221 272296188 957183527 272776874
787518083 195023460 811127446 226223775
811127446 226223775 856489414 232324851
856489414 232324851 901661024 244099212
901661024 244099212 936991793 255459101
787518083 195023460 839076529 208874000
787518083 195023460 847524615 202391761
847524615 202391761 869990682 207017337
869990682 207017337 895104101 225695473
895104101 225695473 931766000 232389109
869990682 207017337 929646456 209201596
847524615 202391761 914177755 205231862
859581992 84815090 926233406 88694479
921868842 129988460 939366006 184593113
709705788 876767993 774427274 884156779
774427274 884156779 818918128 904883165
818918128 904883165 853428463 905099322
142621026 326064642 195301188 345496767
298005553 489964973 303840387 556336869
303840387 556336869 330973524 581526035
148615722 688534108 209812205 699802347
209812205 699802347 220950928 702578418
220950928 702578418 259462201 718667015
259462201 718667015 283747430 733168382
283747430 733168382 306788041 745177653
220950928 702578418 258171334 726819228
220950928 702578418 232812650 753521175
232812650 753521175 234571492 776288002
234571492 776288002 247867359 827121067
247867359 827121067 249762158 890510673
249762158 890510673 262165627 926156154
370387905 35061105 410931314 67049399
410931314 67049399 421511547 96949626
421511547 96949626 421518682 133657992
421518682 133657992 449039738 133682803
421511547 96949626 428235101 129108997
428235101 129108997 432338446 169965493
432338446 169965493 433368064 178984376
428235101 129108997 442203076 160815458
433368064 178984376 469798242 195809336
469798242 195809336 477212572 196957948
449039738 133682803 500656508 140911772
500656508 140911772 529024085 159861109
148615722 688534108 189251607 720644306
189251607 720644306 205700196 773817610
205700196 773817610 221893146 788210548
205700196 773817610 219441840 792427671
219441840 792427671 229853722 827811024
229853722 827811024 232537194 850649202
232537194 850649202 245899876 872240297
245899876 872240297 246511563 896119424
683943103 171332496 687536301 240790694
687536301 240790694 688999863 290657356
360137483 785450006 405382622 813332907
405382622 813332907 418722552 816636708
418722552 816636708 441648309 839441522
441648309 839441522 471869096 844365102
441648309 839441522 469495907 874745691
469495907 874745691 473720310 915997525
473720310 915997525 480297559 925534478
480297559 925534478 490418667 943708339
480297559 925534478 517647683 929360206
517647683 929360206 538917016 938475952
538917016 938475952 541739372 965313653
517647683 929360206 528185672 952179863
541739372 965313653 569653394 976498143
541739372 965313653 566835767 992751824
538917016 938475952 586838570 943111821
469495907 874745691 511546697 903826105
549977811 592583828 600227328 615622135
600227328 615622135 605642214 672088212
605642214 672088212 631442773 709169942
631442773 709169942 673057380 712708203
631442773 709169942 648728598 745310310
648728598 745310310 681945498 770371058
681945498 770371058 686537937 785432826
686537937 785432826 694280089 791586071
681945498 770371058 684441906 821142996
648728598 745310310 689393535 764224371
673057380 712708203 737922494 715924015
600227328 615622135 629623186 658225160
245542725 520824628 290470310 549219492
771032156 795813526 773246839 867140580
784048848 400980290 817956076 440624059
852020906 98691743 854302287 169995999
932998107 754101075 968545595 792201718
104494078 404644033 106245708 476570523
106245708 476570523 147212266 495630434
106245708 476570523 161254817 482568756
106245708 476570523 156803762 487483670
156803762 487483670 160477338 489137769
252539886 279116530 264765260 340640528
241491242 587336491 250006395 652593629
580238086 240728715 617712949 277285567
744393259 724223713 803416660 739308125
339632658 278846557 408111441 284485577
408111441 284485577 416640641 304102346
416640641 304102346 418562867 308864342
413144298 212432081 416289487 283504264
806585249 304046008 811498053 373632800
811498053 373632800 840664242 373943570
3563554 290078677 61553028 306612575
252539886 279116530 261594304 344709156
580261484 26820948 652514344 29475674
652514344 29475674 672816254 33491924
131684307 430301823 205526571 431747195
205526571 431747195 239834559 433228657
818568741 779001259 840520196 832396951
840520196 832396951 840795392 904070591
563386682 853498582 579551180 912750871
629623186 658225160 661040273 702257819
22380361 540683705 30621709 607957892
34235837 872512287 34266557 948371905
34266557 948371905 36434859 976512517
811498053 373632800 816394316 444789963
549977811 592583828 595974045 622695574
538856675 738733118 584141919 769635275
584141919 769635275 611336006 771739193
611336006 771739193 618046796 811745113
584141919 769635275 609939870 792599214
609939870 792599214 641613699 798391270
641613699 798391270 681816604 799861104
584141919 769635275 597587057 807820638
597587057 807820638 604580908 832339181
641613699 798391270 670952039 825960534
584141919 769635275 593910607 824857357
584141919 769635275 590022402 835898430
550323460 531613312 580937324 577534499
749951187 0 804246881 22457517
804246881 22457517 815373661 27270926
815373661 27270926 817992602 33904954
817992602 33904954 838189901 43053532
815373661 27270926 842011835 32639246
842011835 32639246 865975384 34193590
865975384 34193590 872213587 55952258
838189901 43053532 860104839 55783133
865975384 34193590 910724629 35455616
910724629 35455616 911258867 36629586
911258867 36629586 933960975 57327706
911258867 36629586 948979934 48691237
948979934 48691237 976283146 67232347
976283146 67232347 989239687 74901353
872213587 55952258 902005274 76556564
948979934 48691237 993800486 64697960
911258867 36629586 977457472 37441708
977457472 37441708 981543414 39137812
556556085 493212737 623652966 503076261
580238086 240728715 616228465 281971278
328474534 878453294 393355584 891893238
790557345 666015724 816004999 718926570
593915590 351883571 594248946 430150381
594248946 430150381 600087205 478304980
600087205 478304980 633091456 488342697
633091456 488342697 642167112 492588252
642167112 492588252 644766713 492754193
644766713 492754193 695505701 496958562
695505701 496958562 722218635 502061582
594248946 430150381 640542645 441018590
640542645 441018590 659566474 470031031
659566474 470031031 662353135 483473031
594248946 430150381 635710121 450276848
659566474 470031031 724154584 472239833
659566474 470031031 727622086 470739658
854302287 169995999 918229703 184785003
338268369 934628821 362287787 989598047
362287787 989598047 395955955 992623529
143473893 237400819 156059818 303997291
24902861 815339968 74909640 844545118
74909640 844545118 84748534 845550028
3563554 290078677 41261847 331850888
282071665 644261192 337547011 668462504
263983660 226183476 328236544 242015941
328236544 242015941 332899085 257192839
328236544 242015941 341082890 253024986
328236544 242015941 361457016 251812494
506591821 282883450 532417631 337458115
595974045 622695574 598469825 700788621
598469825 700788621 613030281 749553614
65314025 120664517 134374717 132196138
134374717 132196138 164562160 155201913
148615722 688534108 225240769 692779369
225240769 692779369 232929833 696547685
263983660 226183476 326291027 245856714
53413172 375418301 71027989 440044186
481300829 809108504 561532118 811314306
428235101 129108997 508810695 131059706
53413172 375418301 53875030 457499975
672816254 33491924 748226265 41163869
421511547 96949626 494180953 107961312
811498053 373632800 835863911 433826505
74234908 572724660 129158129 603496295
129158129 603496295 171342061 618125734
46229123 784105146 122459831 794300151
122459831 794300151 183600514 798825995
183600514 798825995 200310852 804112429
282071665 644261192 350691401 662352051
0 0 20601786 66827979
20601786 66827979 22368070 86562814
22368070 86562814 42283939 89909539
22368070 86562814 36872430 106006189
22368070 86562814 33551976 150085970
33551976 150085970 47875031 172471963
47875031 172471963 57827982 197155325
57827982 197155325 66019126 239758602
33551976 150085970 41132301 219673314
739015148 142554882 743546357 225518989
743546357 225518989 761244699 227376706
658022429 353690347 673007573 426251521
421511547 96949626 476995223 129073346
305828927 353198866 317516049 429303786
53875030 457499975 104765967 494865333
104765967 494865333 105708634 497726976
71290484 612564086 76890483 695347584
171342061 618125734 206079695 671780688
206079695 671780688 222534447 672251670
318326334 321470855 400456696 328086452
499967458 0 589594245 0
589594245 0 645211233 18192441
419082404 948910108 469984663 988436539
593915590 351883571 642428323 394053176
642428323 394053176 653431826 397260268
642428323 394053176 643791094 415918913
343888795 8792736 411386390 33831968
593915590 351883571 615583501 422855877
852020906 98691743 893889365 150028236
417042768 895061622 457591373 947803230
593915590 351883571 614163772 425037573
749951187 0 835617842 8218295
835617842 8218295 853476619 12683887
853476619 12683887 923185024 21556369
30621709 607957892 37117829 695408273
37117829 695408273 57974654 698665729
37117829 695408273 64060296 698210373
37117829 695408273 37186088 743497895
37186088 743497895 49563345 743825808
53413172 375418301 89032589 434307570
835617842 8218295 930271849 8847000
693504847 181775280 734743156 236403563
761128432 125013100 764591121 217444042
195301188 345496767 248407619 388463297
248407619 388463297 255844282 427133540
255844282 427133540 305096748 432184443
248407619 388463297 295785604 422045454
295785604 422045454 298589197 423361469
285256932 5833388 291978152 95261947
0 748115979 8666901 836063557
8666901 836063557 13345071 838467901
5034204 547422630 12187756 637513123
12187756 637513123 21676108 667227699
21676108 667227699 27416979 710458257
12187756 637513123 14358620 701873863
410931314 67049399 484706167 90867686
8666901 836063557 9435800 934081358
9435800 934081358 31428016 991841327
158569829 392715812 234133172 416762672
595974045 622695574 597868047 721995029
852020906 98691743 890507152 161816362
172545870 102700983 269382600 109677726
495874495 656611633 573088120 686131475
305828927 353198866 348529696 417366068
143473893 237400819 189699791 298937260
351356551 166021120 386327212 240465639
31610149 768693993 130089660 780432515
380752747 906410564 413306222 986675284
455670199 715622634 572540754 717431986
53413172 375418301 53791908 494095375
5034204 547422630 9486208 664165636
160477338 489137769 170190431 601920834
589594245 0 710070717 5465817
343888795 8792736 491041783 12209964
3563554 290078677 22442432 425956539
0 498743986 2643451 654826814
2643451 654826814 7057478 736299821
749951187 0 904134658 5351907
904134658 5351907 904532878 7995488
0 0 9505505 150639745
9505505 150639745 13847593 197275469
13847593 197275469 14440248 211477450
0 0 0 165243910
0 249371993 1278464 413667460
1278464 413667460 22002011 494548711
343888795 8792736 488996276 30596203
0 0 163934083 6300147
163934083 6300147 184549965 14066301
184549965 14066301 245435166 15248160
0 498743986 806138 693018894
285256932 5833388 493967673 7119725
