100
21 87
25 75
82 27
25 7
24 2
93 1
55 36
31 65
58 33
33 55
85 81
60 99
90 36
9 99
24 58
76 42
63 66
34 3
41 47
22 54
55 14
66 15
74 86
14 92
47 67
69 43
69 36
95 32
51 96
12 91
60 85
32 7
77 7
77 90
39 24
70 3
15 67
91 32
58 73
77 30
19 95
68 60
57 34
50 66
2 91
22 82
58 15
75 47
35 86
65 18
78 4
52 88
20 64
38 29
34 86
8 42
38 10
6 38
67 89
15 48
15 72
47 85
0 82
5 79
47 42
79 82
63 51
35 80
17 82
82 77
48 61
85 98
10 80
26 1
64 62
58 62
60 67
74 35
23 87
80 61
69 41
50 70
22 12
19 46
85 74
66 66
2 74
63 57
96 58
72 18
28 56
40 25
51 5
52 84
18 73
1 3
18 91
36 20
49 25
